1336631973700
1824786502893
1718547672952
1899938112191
1267138439146
1208955531008
1476042111237
1481910922611
1670234180090
1231541737965
1218222744943
1195802822540
1589120397193
1630959287751
1420859580849
1830569587000
1234433405468
1963029082427
1322044160259
1567445226415
1521694422999
1771604104330
1530111157302
1854709631146
1581363676998
1336462714769
1761730532404
1434211189860
1233799417602
1394856083615
1988885958490
1662602967346
1143308924184
1462119029126
1720443141642
1774494690088
1630418285509
1590240777827
1308305465874
1552057188183
186043765078
1489340375908
1273922006323
1193186995577
1321653076260
1387821554252
1479039647934
1940209798397
1352701977186
1370504720025
140833131054
1978890546789
1164203544344
1721378902613
1616394198115
1896352349849
137266916040
1418032871229
1809454627209
1459311960707
1984795792616
147036406330
132148283094
1573470202445
1280803563294
132883347408
1235186522959
1440268730797
1369039089063
1577170756549
1120512644871
1336935657589
1930127432050
186893226453
1804487302057
1459924485059
1738563557672
1960875931522
1148990814248
1293758057986
1123670574138
1728837766345
1847954920229
19059064512
1853035392267
138587254878
12576730640
1409820152130
1692737173527
1788631587688
1138565581327
1220670361651
122475403400
1600068803242
1581185008661
1339425673005
1454216924924
1199652017834
1468070823385
1149494435754
1195904798592
1361338504099
1918289597656
179121107535
1726508206364
1169398574533
165956242898
184300765115
1135402363208
1987595551415
1348848960169
1520989168221
1813457632117
1134422655736
1144308210945
1113702451942
1174131181344
1182655305396
134675163046
1503719419682
1400817705079
1881520936469
1912844242862
1584723188299
1823709741630
1592502074885
1655107258599
1699139272955
1949758007333
1412006306738
1712866946004
1749277351631
1437878657772
1393866270756
1481383626188
1288368298113
1487442505522
1457202545876
1665957495242
1615433587706
135253252769
1375701742683
1614040621739
1806616524534
176812761681
1521427533477
1775096689743
178769266911
1494176553820
1899162646803
1692571913517
1486118558211
1299986703233
1334233852025
1972355576928
1129390165305
1717337044884
1865473317737
1913328164855
1464981247251
1315297454423
1918796593978
124953095881
1677740036485
146877420857
1678560098052
1806064213653
129968006616
1235884794279
1733641571307
1265191224135
1936118970134
1955840691013
1539459887751
1764810487384
1524676273402
1529633688975
1800675975532
1234526314222
1281008110804
1289631749640
1991955804701
1869896793371
193642700145
1703471581608
1552026099893
1219483042824
1323634335519
1480317326911
1519954959053
1797811550665
189883682801
1195207169520
1766484429837
1228579744451
1617513355180
1621003510971
1240850989579
1275233093234
1973500181137
1165060970268
1464140911899
1740825682199
1938638063264
1298463306302
1789507600136
1639198730821
1214425129268
1662906749125
1347018033867
1160026268475
1956452887289
1258388501384
1785288442096
1537751969043
1265981559987
1918465152964
1176346152164
1880568328669
1830073536445
1387243727121
125383564538
1777801324181
1840618575306
1490022242592
1537730186402
1958303901547
1549799861634
1535766618600
1918415099020
1954922558329
1747340758242
1948827253422
1389882671199
1493627140396
1993242014588
1494305243176
1274145006975
1495746459398
1516059634766
1118839174120
190564350981
1845373581143
1673506816745
1225344795567
1763798739237
1114922769911
1458542514309
1363091824098
1454981578308
1438574688925
1261947041007
1153200333712
1943395202324
1394560224665
1446167471141
1935852378413
1189112235528
1129867806582
1851862089327
1524770440720
1158826814534
1658905202855
1874994332240
1328779665383
151459287539
1973697113789
1969216253179
1587507663021
1546593382442
1258329585532
1284443965360
1355287841042
1697498070336
1563249650121
1436490673278
1308350539106
1490684576754
1161139848115
1837580840137
1613878043233
1566533576661
180192996337
1657456276324
1669911947122
1214480307163
1127342992073
1237175785912
1409167685975
1743279740085
1347110162195
1206363862495
1247559847387
1564061117498
1133444706666
1758566000200
1126064129205
1657212050154
1192632445253
1595291493761
1924484445098
1929361590197
1977275392535
1927060234121
1443626429634
1776488753970
1319270552643
1941080383619
1694407314254
1413196530689
144584818227
1895320419083
1890605754087
1158150319446
1992658578803
1719696038788
1712565280907
1272820540918
1939165011206
1609569658317
1269403528034
1336137603419
1919194300979
1221312126531
133118368647
1312545486984
1110311693950
1294212294032
1969617769415
1416307544955
1710204187922
1147207561358
1998907766687
1497232700856
1268051591730
1285731833466
1960077287698
1328987126407
130822099096
1670038646547
1261032618103
126007167126
182643670478
1935683683733
1785778426234
1342525010594
1483718352647
171433709156
1787117831669
155431765773
1889511294531
1626343167012
1978086155352
1174060986500
1650029930153
1942332464718
1898095057640
1841306608094
1975545221782
153101123765
1728318401392
144212758134
1803355399510
1673812853189
1883292610562
1900170252498
1587762410300
1321462087716
1911255372659
1467738299498
123357899760
123334085091
1367178454835
1347336526591
1885341250373
1868217351147
1833792787687
1281225752100
1348059530169
195145128883
1452786616994
1471353552795
1548028325542
1587226862607
1149641858705
1800650393157
1276324569152
111792416799
1583551673374
1842270690423
1243593033944
1885656163584
162397528183
1455901759800
1600628890093
1440404871853
1622404301689
1647987201468
1575848736204
195763513364
1817361307636
1908546594345
170607839041
1682412673051
1797538564185
1164055913814
110052668763
1868966213607
1820866957345
1299682664114
1848811616804
1398683552541
1826400983093
1849720614444
185882572113
1561221651699
1985151348796
1127308544726
1266741853597
1262686720237
16380539257
1573672562567
1568702699585
11377533569
1704395757934
1326403851723
1968712374996
1552033577851
1373155169755
138359492114
1136028932908
1713911257256
1912980647433
1756163131955
1734072821896
1183662819475
1865761357521
1146146541396
1317578839067
1122456029004
1944116789575
1329280219649
1966597055700
1267041539343
1309697376171
1365177435907
1171237113391
1385899057025
1217786631145
1480490440679
118405482328
1704720521483
1541515093159
1864015448184
133122690506
1929405473781
130196467267
1525246481493
1341300168995
1887167706037
1198307649641
1923873927643
1383168259268
1467627723237
1611327395083
1289944399872
1269884665078
1552807259651
1623137860234
1515051632517
1670521462471
1916114696803
1881743398834
1885557800050
1646289926677
1213872284551
1916331387608
1865838734716
1334044148718
1351297162955
152375395876
1242255322401
1898749466076
1629861907295
1118220836910
1625537199110
1432512795187
1433982034915
1285872377020
1953323231455
1586225388528
1319209803303
1105283025947
18074623264
117472487569
1979741648834
1741784491154
1194897368350
1752612941172
1947829727339
1297087246243
1862152212199
1676490270071
1179766196062
1836200249255
1368597520055
1729312886232
1355635544500
1248179656502
1985630185396
112861405667
1293264742434
1210567229121
1342654568218
1867910992057
1535303233604
1580527903391
1851817768341
1754807579920
1147954696964
1285904660499
1692835919824
13830670110
1973283140451
1623055214540
1465252452666
1961328422551
1202742041306
1278103661721
1421836102391
1464992226970
151331302891
1718521197641
1457398490294
153764086477
1995599475086
1794613308935
1106197545801
1269805521893
1284379880
1682624845404
1656752277753
1431363393862
1546874314679
1204680629096
1758275376596
1796821477380
1112104228657
1665817158520
1432588937823
1727601360543
1305026599857
1689354488402
1881175932692
1623042395643
1404533358488
1450965896530
1231627182835
1888147686985
1729337801890
1768552794520
1306979381301
1799558752198
1738903732313
1117323197471
1164465331764
1322194743274
1819642058006
1440379093101
1772687414040
1865376634980
1591531678035
1675053834358
1984519053485
190945299532
1259065414175
1459761251992
1680934651031
147565512038
1793434939426
164733060939
1361943938549
1535427792007
1750563718934
1412031353188
196435930278
1107369073669
1355445255178
123646293454
1384973749735
1475484942627
1782952011552
143141718021
1607633465123
180792519782
1862010742399
1372236374457
1996712273821
1173516301912
1391022234732
1225945238809
1628369359991
1590464146614
1653753235337
1835047864708
1434526342576
1777728857378
1497266578083
1669021263634
1352313248389
1612734387445
1422345088123
136242070339
1727505257680
1499695463053
1888079006446
1624664187717
1411997635969
1843306106873
17396817125
1649106189254
1258505399836
1311467375651
1341123736148
1381905298083
1612157377433
1838703935951
1592427547781
123069077175
1711300604694
1819026108239
1597374099798
1321018293957
1951345145952
1846284474575
1370236093660
1792751458855
1280413389400
1969689848104
1568209152604
1128147345245
1689730615227
1738283851212
115092334650
1856591401920
1800270469679
1479045758475
188191195573
1460622755775
1329326346659
1603020538763
1318834391292
1555227078003
163791698496
1660321872446
1157966017675
1270525759457
1278287525089
1388690757704
1749053757712
1105552410612
1775728674004
170572375456
161584945746
1581192386292
1425508726121
1837973961022
1303957404420
1825036391415
1861029440465
1175693715130
1488757953459
1597180989226
1764883719595
118896086487
1855408163974
1766675690551
183167235157
1500245195627
115575225330
1528594621792
1390913906637
1797169817001
1136862229446
1218900145910
1303631050411
1830190589240
1786618135295
1853026424539
1594268596163
1844558781122
1836451737162
1734369332398
1592692578676
1155304156086
1560469711003
1258152383902
1147138640507
1764246472050
1185483267919
1696021366184
1651650128007
1507729943781
1381146358565
1156999521370
1474391062864
1704468596799
1540902216331
1599566647874
1119620134758
1737325992969
1322366516028
1921918354010
110989330293
1603122671635
1166999119424
1195352141558
1856963040041
144941672796
1922739382318
142830235565
1141368521236
1747868519604
1238677794550
1330579507570
1153114238157
1215153567201
157063339093
1315741329074
1134151247559
1945000980682
158262609865
1810818079646
1832435858060
1730843713725
1284157001541
1611596816024
1507831390036
1102525963938
1339469610371
1516587274523
1911942627274
1111391240030
1134897513696
1392839992737
1401050225294
1873994346094
1799430551468
1335434884815
1420341661486
1509663543862
1759774255245
1330398733774
1783511816189
1624937815899
1512612025446
1462475780263
1195306620467
1373686306529
1455161335868
1660986483452
1243950178888
1339115207690
123470545
1576646772122
1862858444102
1326693407346
1883737570765
1567277287631
141078792633
1933634792928
1449673715824
1326082508078
1430338091209
1591979946652
1421571994662
1618635584172
1585187230878
1850751338979
1863469966080
1778852875605
1871719474525
1357500682981
1656201260640
1294908993050
1173373193426
1833554957420
1191093571075
1719363854901
1362052339653
197251078857
126135316377
1102755811294
1674206538556
1743573783060
116800149674
1335259981286
1589255650239
113299474796
1906451950507
1375602844063
1178602008333
12514059649
1259039309282
1920655455041
114817946708
1456191958447
143701329679
1140622313502
1929213734168
1547360026702
1991717973004
1315330980384
1889255715855
1777825501785
1458656029780
1591938200053
1657113200137
135348308396
1241696226449
1762003302973
1675859067815
1803144171728
1682385005445
1888734853928
1610348374464
1404621277233
1776364576985
1844422687638
1764262025974
1929541270472
1736841397580
1206832046788
1894852370029
1590116070518
1318936475864
1396282119505
1248278652055
1684572854006
1236382826119
148803049100
1615030761090
1434787123936
1979009506800
1438940777316
1623807682598
1404834053951
1753994714674
1785146779968
111275218040
1592576767579
1382424802564
1273536936251
1753660410638
1414159552791
1412717906897
1404067931172
1774669036705
1699639457946
1369050359636
1553143067251
1520833221496
1582220541342
17777333865
1284451201504
1946524375300
1585586148758
1639353452688
1858889031345
1209693411844
1340247838876
190089488552
1527312823332
1408600964092
16558722627
1725726459744
1808736985059
1996157152624
1482921846560
151223423061
1354950263533
1851742818501
1674813385264
1828417124110
1619614410656
1181341490986
1885045096305
1557786407419
1332042362188
1860364190843
1932463415943
1707563013067
174394884125
1792726129777
1506540204226
1193241974813
1162969402011
1710178800909
1380890384342
1180339197646
15800100283
1738472344394
1482714515426
1882209322024
1232541741587
1566478739578
122756207695
1276161240779
1804591866980
1780255722387
1503135302806
1856249115575
1199011676383
1442704770900
1326711482138
1645655240149
1469582730154
1443354835897
1952241638996
1685260955354
1102989845674
1667974105104
1807984474926
1278158571494
147244907540
1881404153826
1171474547820
1747032045781
1379122362311
1581810420443
1456521149031
1542077674304
1500323569871
1262807800668
1296681497072
1367856751050
1900807843271
1134314743452
1116473952504
1545879471733
1246476156452
161398141887
130064844084
1141591198692
1135649643775
1509088751236
1109881870452
18287090923
1169110173633
1121232886139
1992547695783
1942744055027
1879269025756
1904057299408
1780112280039
141690132993
1677127157260
1535474743656
1824890301261
1693363031902
1491216495051
1310587965293
1151331142515
1691040154013
126623109196
1867876257402
160586895671
1250694039202
1112477086755
160393951709
1151856446077
1278236982629
1125298263231
1449227515034
1631395624212
1640567198349
1867464017372
1678139891828
1389306254693
1669876989009
1380731262975
1211585575309
1720033049588
1956178623505
1355862808592
1291831936821
1378893881422
1392090205876
1770417586404
1988691271777
1579015770687
1578973648193
1360300704861
1871199079819
1550735619322
1727585964204
1113766846969
1316352782480
1136088397554
1496031923749
1791415244325
1809064012720
1584039331848
1887683200946
1487849333428
1419189368617
1557342451062
1669470229507
1755435577328
1469646039105
1804914840161
1664941074589
1182466201090
1988614819678
160683509756
1782284304320
1881284310558
1331545155180
1639583282453
1769788966465
1316731938510
1660152323490
1711773598811
1198528784633
1739233474674
1583479882570
1468189722392
1539462534496
1134823927037
1627752561393
1149216700514
1984008958425
1438032993973
1835327624410
1609186051306
131683412607
1859578642390
1837426717891
1620898726171
1190324842811
1495552636357
1856233805694
1688886504162
1981220127189
1843245032301
1422774555086
1393930703333
1762184028541
187787575557
1983684328683
1988595260924
1985308460022
1178029498712
1836350413214
1345375972973
1470891224195
1343034869284
1696976822625
1457070670083
1610777738567
1381414658567
1648612220816
1919287459132
1133425956553
1510377474534
1900093951527
1503583905861
1630916407396
1597510109840
1447325953653
1857898869478
1724604277655
1623205222538
1605211169482
1456484196213
1660668660991
1970687680927
1609508976310
1425677639058
1273955591565
1873901457419
1759633059835
1584231791998
1957349421901
1130103562796
1508256486370
1991744161431
1210585833936
1251499474136
140521643493
1237555395228
1273755828455
1705593606445
1186963901633
1236673123762
1853266187389
1801987113237
1989306607798
1990694289295
1510257305819
1920004768785
1352495439177
1620509413030
1381170944988
1745752826748
1675407289330
1182555849112
1801556404829
1563020717266
1722669995774
1117472586085
1834084187367
1690529073690
1457446022409
1541325811170
1943354479064
1119266014274
1319626732607
1833027296063
1201742470032
1363012332936
1783676717368
1955767489453
1258852611546
1486665006519
155478442282
1983977962902
1599339967973
164445735901
1446950521876
1143475367390
1316610694914
1779513209419
1272805444007
1398608179495
1261185070686
1483218313217
1724140898817
1182121136099
1945685214209
1162074097467
1991884384874
185285693588
1227758349507
1841209604535
1940821158276
1398975145523
1382433438618
159246429325
1407264166060
1549386894334
1776641476533
1456499275502
192083918997
136721746421
1943971025592
1456168961482
1438674072442
110866581856
1818598226276
110417668893
1301826315934
1778943468189
1532465833199
137549249594
181464446777
1449588057770
1321680429954
1292102207851
1900976360226
1421730953040
1841425250094
1214506433374
1610843038547
1975505670782
1163637935007
1642466848680
1248365670525
1179001168529
1398002434960
1428316223237
187827915129
1187132561416
1839888343886
1802479111522
1125502685073
1926637658157
1273696330843
1922154597067
1554326009984
1799352654131
1363502178874
1390056458294
1269658849824
1312873221280
1214122904941
1559748549507
1159384705498
1306059490344
1945958281742
1509494111002
1863805209889
1681934185496
188379290177
1372459711171
1128875164371
159174304941
1686103493166
1156134874697
1427802478702
1931957529905
1626899799025
1507374552944
1928770834345
1972408819647
1281900535537
1626350334075
18502777950
1693381468707
1340677505236
1855373311141
1212840033656
1461550351804
1208390709011
1387641039326
1583572272684
1681111522487
1614738113655
1829179679448
1368584879275
1974846962250
1856673069294
1753445682779
1531908151118
13782653814
1124309462269
1625824455847
1651859466401
1927362984834
1124687438823
152315237267
1683104899024
1524183986809
1796391307711
1417003660987
191738527883
1516387533228
1491576144315
1659402434854
1292481548843
1842840532645
1510753085581
1126582815135
1269215224467
1766715645983
1572329224953
1994407052265
1124189421304
1305300558107
1914432171468
1555960029094
1803924208073
1711452584889
1124623576087
1407866873997
1820488565823
1944351518701
1817370049467
1583530730693
1451984362818
1527933989511
1873543281160
1973430563136
1950390811737
1280083571418
1927425142544
1797549162731
1381701716447
1715018224057
1169087352260
1296692697319
1664086372623
1712853591495
1204597564456
1646669142663
1576655951211
1759762238043
1732238809920
1960079460658
1108999382256
1221123210675
1240321860128
196333010025
1663650693366
115899164406
1280703939874
160641144733
1118255082937
1839543131503
1288682298912
1157014430174
1647165217570
1448078328376
1178617347333
1682109404154
1120294418373
1939428891148
1566473372920
1315411296251
1868294128509
1105346662111
1309854490675
1567595852559
1930223941354
1371406937383
1511445239753
1962491728395
1115004682862
1496169525673
151766897668
1832292579208
177290070838
1101888021318
119144426560
124769396134
1127074368320
1862231578800
1522059237865
1858955527605
1564991118232
1518270810886
1866549561624
1521729450479
1162219450800
1871014959181
1489107264486
1829377586394
1485664434953
1718044254241
1275337311808
1978907156768
1869668032986
1552647099665
1618977426501
1245532050702
1576540863418
1617392213565
1477697874975
1553444143985
1640102982675
1327908623637
1530379935861
1368337344918
1303444947613
1984648933362
1784345609089
1644250421236
1288314954040
1884283838699
1210659756735
178766872981
1594625696143
1906306326425
1324401734771
1303002668126
1369476768229
1372097692055
184790392303
1899008424463
136946211369
1312186011465
1620675734453
146833297550
1389831824311
1409459808411
1284850887518
130828846623
1700614318567
1101656112412
1200338654427
1963635423496
16808656874
1484803874967
1711390869903
1389996784853
1207955639791
1604706028486
1466590370019
1785188138071
1893534388856
1283966624094
1188536583238
1790839015399
1598743211696
1434409390660
126775344555
1762176595212
1604762505095
1958244889092
1127734563961
1904553057965
1722859986474
1643355407741
1841675620872
1840014575057
1387371206497
1244619540197
1345453803150
1426494433438
1110570216560
1400315547540
1620169789389
137326603398
1566543122923
1332789570672
1422411547382
1976495624156
1612834949935
1931739686667
1493791568835
1587320784799
1120325063843
15327271915
1858407261187
1127488247655
1473486139225
1477082337761
1644367849875
1945182742512
1537376317454
1962405313082
1781669734542
1663061532611
114871792035
1606006422719
1392934221192
1780125229638
1754197533098
179542319572
1362688842683
1270420640359
1395585588493
1551447857742
1454658264213
1365067906336
1862045378400
1733978424139
1236932053759
1546471086238
1309275732568
1548867690353
1537688646141
1610775923034
1432131170541
1244218503134
1277938312478
1769898095775
1736143940593
12036186713
1396068759878
1541957014041
1611547633639
1623544744821
183818765774
1461992868930
1303272220875
1122009766012
110333424875
1142467632321
1863817467728
1392040597757
1770611929449
1377576360460
1232802632928
1700770073981
1384929342734
1745409965604
1796030717245
1386932248112
1203374508446
18000224714
1803282596445
1672091020834
131567065271
1671025271562
1112732639492
1714956842638
1227754129040
1311537491298
195026349001
1962594942671
1714231652198
1532740593012
1584619881372
1845880225097
1176500632110
1270385023396
1779631336158
1446695039166
13473260857
1843323287921
1974088892280
131477128056
1793154299355
1182934016945
1438092238384
1370981799495
1536945480104
1198448875217
112261898886
1639435356149
1294410035653
1237390845422
1683921875100
1830232531004
1768159495405
1748248672726
1470162909820
1505293030228
1574139973264
1302961100038
1411038398836
1546589798418
1723349621054
1619093593980
1124621475269
126131335192
1446209109803
1377248021375
1846613181296
130085348562
1589750396954
1120479313364
1732111985601
1375171198418
1124779021705
1474191923698
1397695251689
1295512443314
1956969523459
1881534104847
1994611467892
1740097813260
1167057834442
1673149286801
1649950935898
1228901453160
1984211629837
1719395157953
1597142887730
1399276078237
1161612268070
184714420791
152901326168
1416446420630
1341171218184
1799588506135
1264796066322
1913028925849
1256339825927
1390122852317
167790018205
1996742416232
1390203940499
1561418651891
195601078066
1499963324782
1710241457645
1499560752379
1546184994091
1677548052128
1596549880473
1482265072196
1297105328791
1731337399120
1704465810882
1267648608928
1356913573024
1600693990396
1957543322038
1772618469571
1714698111783
1793976142233
1202100713025
1473517335711
1313555429126
1650397797962
1514170275778
1873381831627
1250108076445
1998473802664
1577644749992
1237598059518
1583674999611
1323294866797
1535073476852
1445978065252
1768201414430
1719003950406
1430321423544
1660111287363
1926490047237
1395946712462
1415938965610
1197620321634
1317631081216
1931388382737
1188122378642
1241339737967
1409450567591
1319899068173
1913104017080
1189882234938
1438771887786
1439176748416
1918660829129
1433017600243
19330031941
1951902858928
1806927611512
1580761650184
1978101727151
185753777382
181178554868
1142442935289
1307620760577
1163628403115
1404672057632
1380967663684
1584222809782
138095415693
1943488824881
168495877489
1530214089666
1373934249161
1759694194195
1888186329721
1100381097068
1340617699917
155978076319
1660815083124
161610829178
1647399064449
1479809427969
1745694220685
1357228322510
1933635878447
166104039483
1235013362870
1404806108870
1823903718448
1409993907717
1859277621831
1589162193493
1284106370775
1196428649400
1213814859717
1159782812877
1565319948143
1446834528302
1359237805565
122521641617
1476516255278
1811558593597
1578634480078
1699562179679
149252279495
164205014095
1576706847814
1963907733860
1109483412734
1692183450787
142909430652
1562511166915
1570481463746
1146883797027
173029967996
1927266859871
1858426159813
1794670514459
1824108381734
124360148209
1860032831175
1792445588405
1353950158195
1548246552948
1739919406675
1452080506533
1445084211705
1742416673006
1308898682247
1843588278935
182536232528
1717247228486
1922188560018
1835944431361
1272009138070
186576618273
1233685808555
1318983459137
1647903755995
1514597768971
1301740783931
1281581893222
1117488357498
1994570477391
1552184261691
1687548135411
1245492820375
1872951165798
1347444038879
1387932909646
1404815703514
1755226665914
1219366919188
1966112626789
1909350776413
1471696563757
163754913608
1716854861289
1479685916206
169869995206
1446491909176
1602083589220
1872650773944
1894289104507
136862786905
1697058610133
1783584881956
1984600612880
1275777614349
1233012030734
1937346205149
1542843030249
1748858674558
1553039017173
152856191354
1305258397431
165149807050
1670629111849
159761135570
1224953656582
1160536198056
1285803144493
1855853124388
158571084221
1967897688996
1261242723665
1418908786739
1719439939182
1282112126627
1769669186995
1919021412482
1143039384757
135140607813
1214257078213
1822517207297
1175852994462
1754304665298
1872221954399
1488742936001
1570395175112
1953631437976
1342683099474
1131541173315
1484261431975
1104342781683
1161281306961
1774763566834
1366995622324
1427235385452
115018479084
1652084604153
1712818711581
1365114774409
1109895233537
1258349070172
1605445275899
148354469697
1459329161515
1344922845169
1340472808383
149161478119
1609430006503
1638905819839
187944420608
1941286108486
1880127374661
1640140390944
166475140449
1364407070148
153289964089
1615109491876
1194701211270
1656566681417
1312858343227
1856907244501
1270830240029
1972543696179
1671408356445
1929013962591
114827429943
1386580340252
1109357136085
1871429334133
1456589166122
1543205875021
1514076122667
1399119031397
1386975657278
166355963670
1505483140112
1932438582541
1244548862664
1950201176095
1851507285807
1249676121428
1413415376029
1369609602560
1663470204327
137355551968
1496133436016
1631560797541
1388810306242
1147643245068
1900187781217
1861741895812
1890365258247
1270399439284
1539561870765
1467739976886
1949650773175
1713395870461
1451539780274
1210939525248
1510912171261
1958736426872
197568594159
1401793658922
1148553795626
1633737209407
1864418618649
1703108429177
1274975777617
1956357453325
1473880968362
1117833007469
1945564761186
1671261612433
1965067404474
1357008903406
1398969575912
1553177771948
1929557897409
1751941978501
1463661843140
1466154847173
1163717917590
1698495211109
1777303806551
1362822872656
1640222632512
1996615080111
1559899239552
1773438793090
1284320412865
1827425540452
1633633480825
1793095577132
1136203661916
1793968404984
1902323099430
1405518356841
1876886317000
1182951626396
1532976830527
1731677896471
1518952549146
140891042868
1246823227085
180853017589
1882289508646
1241587857835
1540812936639
194226554526
110312672588
1922322545131
1250056825425
1350355375147
149452485794
1186977612488
1126961694170
1274958482953
1891752620528
1546002565852
1930276945578
1121215612802
1766407888342
127532691274
1215471073205
1237633743199
1774374458598
1300452178155
1800298605555
1842120770659
1870212146607
1503018264407
1424650031118
1346778640863
199646857683
1312304747230
1450430177437
1903607525470
1907180178007
1135396044830
1393633125488
1637622246424
1851990835781
1161308934078
1222879425023
1730503519688
1286271972017
1417323102527
1902664928973
1605962561190
1831624131952
1850710925779
1990978845769
1129170736088
1126144986231
1431064949870
1339383205568
1166112776179
1509358938791
1632115733618
1565316868017
1785252635121
1397267038277
1597773400372
1222164449627
1330684806065
1563094795719
1161256422802
1546763534129
1114678298242
1853277974134
1576734456907
1763521594219
1508240791625
1884646827528
1468319394301
1939154961920
1398598576079
1138675949650
1143592147536
1161362116315
1979451259615
1142063998412
1234783709307
1810959181193
1543031531318
115967479783
1249342381507
1486311411668
160290521424
1718582728100
1785274591453
1575610843852
1924766282818
1375827325249
1922618627223
1784047078994
1884462735855
1583534593039
1280242404870
1356397093457
1945267262187
1797386001255
1243182512668
1260154680711
1207320151983
1610199238595
1627997750390
1362331969675
1315556464353
1994223010430
1961357602778
1800247791083
1716542161419
1359109176638
1890295658515
1762802325999
1663656250221
1547681395514
1239256656517
1474886111358
1507069078146
1337928929755
1139015950873
1568288205533
155095316859
1919549290117
1769098620073
1369547538841
1206317672455
1357260424639
1277971919842
1561413653351
1185962249137
1733367095708
144897419761
1611459133516
1554623117804
1342480773259
1276695689365
15047735123
1737511253328
1959973627951
1631721899973
1719147259931
1826442948413
1253045764514
1100454160685
1533805538863
1116609905164
1954884928299
1502829685734
1642962015983
1962553615743
1199648227251
170841366301
1865654783890
1153092771043
1469805081145
1872370164319
1567261875542
1684617358919
1690544753128
1935875099768
1955616662386
1200154676086
1519238727671
19502800387
1947273721049
1655281847516
1413647694876
1957004786337
1244357893628
1440531106160
1795186497088
171998709355
1395609513579
1540884945316
1316157928528
1398261282695
1148791227558
1784367739215
1895047853683
1565428633033
1430374027767
1147121921096
138166394815
1949033978039
16482165366
1827025191116
1979136460129
1951641952934
1951973611809
1553401058437
1947368467064
1657271713754
165485507000
189399107205
1261587661828
1324644410671
1270381936843
1105723953301
1169855089679
1306948262149
1414596879817
1348966063768
1795047933575
1661053272280
1731162232699
1632278794082
1183233300784
1333514559481
1336876796939
1824794597944
1925876066002
1494431055600
1484953890792
135930664682
149105304957
1682113343427
1535216309992
1920936320415
113842553383
1100255473208
1553017688018
1137783438235
1537768806725
1921203365542
1353362443985
1597190150250
1820682271264
1482595661786
182333849106
1620046976122
1302232287362
1285113541407
1257178612150
158479578625
1868630993679
1687868867827
1791883764163
1992742458125
1983117284036
1125856446670
1351822767918
1839203716435
1504625236606
1687115433
1295198166074
1349913505217
1496050528658
1567350412625
1458514124686
1702266012277
1257992155975
1529296337718
1734426712272
1741753594954
1520880424081
1864477336010
1556382471228
1414346919057
1901714559725
1514269203513
1932731884049
1178474542666
1794505173006
1843253963622
1763392725657
1688897748295
1879103246015
1149573228458
171727269679
1479071630128
1232874213020
1927337962365
1839820543930
1565302129928
1483873679436
1274484491478
1649441081198
111754653167
1428765520828
1970713060902
1415667842909
1939238048264
1986573078423
1960390401863
1716813893396
1823199963035
133750942893
1845482393247
194275309465
1475692810306
1367335320445
136868668114
1937777149020
1121521355111
1413428045936
1384675885138
1901994398016
1755897461466
1699114341171
1810511011406
1613672717838
1121075217708
1891921584076
1743698670238
1117919882775
1412047608215
133495416226
1607822775314
1646855011621
1736021064733
1994121997796
1718113121988
1247243588571
1554839595684
1255246428594
1822847334781
1271181527374
1900049669138
1442960571498
1374179933539
1799730127665
1236638628871
1413533172335
1459372649492
1958356682804
1818231686597
1664935014574
1476814738572
1440951516813
120421467585
1717666544889
1551946678996
1298579505324
1752348554791
1603938392089
1679263998960
1930969236649
1152708264425
112993923036
1354211109233
1965423580926
1264845379185
1783707345082
1912751328281
1967232068620
1229671410204
1509684797141
1857451068915
1222682312561
1631969541611
1510725165476
1788771804317
1635773398549
1201931349053
1163142388572
1269019317734
1614374057722
1648878282856
1737664947882
1772062039119
1793828940919
1463077386280
1591225223557
1440162587173
1777702869844
1388111745969
1585970335030
1871947527946
1821045234139
1221650776887
1262785180830
1596527786903
1788124939538
1470078377894
1145356845593
1407958882206
1960358632073
1234655454983
169659522140
1409471558215
1419853328628
1900478267706
1595549701221
1445723968493
1523259427841
1912306242924
1356816557543
1217165184994
1905287487249
1566761476628
1636230670907
1719266669395
1998299768215
1409298571435
1647744725099
1143336961137
1869352986017
1228849073306
1567542226182
1506310178172
1213081297420
1790475139771
1853399415667
1600521999959
1810195572750
1910771721480
1988394698434
1453049344894
1269742892318
1503188925147
1887147769015
1517734113316
1917842923963
197907071112
1147096764057
1485125509505
1840549079595
1337577910720
159391241339
1235259221486
1311274053381
1345369020853
181680387214
1810023289498
1105826517791
1463128458569
1998590148106
1304124316415
1287542255728
1747695855012
1855184189579
188447500779
1910286805806
1857900496181
1443120471383
1460148605774
1418742546292
1715782176174
1369228938890
1208607757333
1421050703420
1272217819986
175692640687
1577073293775
1871010925210
1865410644828
1441872893117
1430220464313
1713025559570
1182987093420
1348702088803
1907227298484
114655025013
1701587017505
1438592418895
1779173970400
1526867696931
1573145406334
1661303253456
171104233463
1982139627392
174015140930
1668990584965
1619435829872
1155648631532
1760370021671
1470932335306
1949513057398
1148328143767
1426215366801
1319821794781
1813038093732
1985976475262
1814054877271
1303183163231
1416622656546
1477455048122
1524499312292
1268645523778
127977889948
1987109410412
1887933298773
121052688822
1508313967183
1576111109541
1610259268452
1102015375660
1176982208282
1702248249113
1498301311268
1465404550084
1569255894495
1835154801179
1157693415648
1713248177529
1959830531253
1333921147633
1492178922792
1636975080354
1119647538010
197527765232
141440203546
1357903931803
1528455186406
1930044177701
1309530071199
1452640379002
1996202265012
1634258652317
1132588043210
1946731727308
1299864099946
1142051571980
1343477422492
1417605999517
139693065590
1943965831734
1703198462454
1324924007018
163627368114
1893142167890
1232599222725
1524669680808
1392268350639
1256917247916
1440886184811
1202606867073
1148750608288
111667581072
1894862492236
1670224554807
1590424746409
1978287316669
1794234750110
127569600154
1782016600410
1997054713978
1369846931406
1816704393184
158523432935
1630020990456
1234494717015
1785634866426
1231384081415
1215250249775
1135154114553
1251248190155
1861066215914
1218223703335
1878069732997
1374975269824
1892347288713
1805662029473
1326270127712
1501374750680
1345882096710
1758961220928
1436523137792
1777425731362
1475059346585
1354307907356
1132770733012
1860614161907
1630171947870
1850124129734
1125742634593
1911562460826
1551159904984
1306750134023
1532863330276
1819361267967
139101937522
1556969806851
1211021882017
1929625513405
1736743451308
1365330820405
1753573760953
1813826993208
1366820110439
142767968272
12476657426
1691923778303
111958610605
1203224272810
1603017043281
1374139404779
1196066108717
116515760158
1332178818547
1387714212153
1539077967426
189874675904
1289200647296
1495581999553
1869899698634
1274319941817
1453350765679
1249076409909
1126945605786
1118835259805
1847662868022
122943874502
160043631590
1938332948920
1296839531401
1175295445820
1740792896274
1652926667181
1521625470702
1180290207561
1876611713925
1370605174191
1494068061352
1660154652726
1858030585153
1821564929466
1163681440966
1993242790365
1345196237626
1347056281477
1987607535515
1115668455172
1760280201974
1438166815277
1219284896339
1230434216074
1325012791063
187785777772
1426581486183
1892083764347
1799117203941
1244765731728
1523173664488
1335663146858
1932359008281
1780440582756
125336093174
1422324861728
1378101703376
1481125927121
1875803991843
1538960407898
1716394080088
1407472787377
1546688786192
1561108303567
1654809938323
1427032974059
1374583802526
1961692935777
1818069099987
1768403196875
1897233405792
1978887562885
1432160222697
167841256737
1839939314654
1778954524176
1433683280750
1144220525356
1241318242898
1636900586424
1356085012520
1246137174313
1192382908720
1930327179943
1889024707963
1417200308816
1175609060352
1686278737491
1576912813094
1426497673632
1923147118279
1437353453438
1669830139204
189518406964
1858564310691
1980383608437
1969696965951
1380638696818
1109870885252
1388714139796
1733584466759
122128347541
1849018044316
1884521515821
1373638985930
1486154372540
1348101034917
1329911303963
1371909131575
1160939171244
1584904498336
1370162473047
1922757583946
1447438559765
1673260227944
1632675630141
1172557474876
1301372327265
1329425457295
1251677469883
143627091264
1283245077495
179573194434
1904164209063
1199527446393
1337522497273
1949150695469
1618512109409
1718777590386
1641983618994
1744880077224
1722081971894
1702999767841
1694202787440
1364018245298
1802363149124
131343061440
1724067697821
199006798046
1374787882973
1359843737299
1133065997126
1714116077951
1115376195746
1549905053397
1910612106247
1441159391924
1180474900429
1104665822654
1368981895529
1806499580014
1585075908058
1422157658931
1838337904022
1982965936453
1172215025740
1641376685846
1348999997384
1831777607086
1675394049579
1681088389870
1531132181774
1656523433105
1248701065401
1530012831638
1972430463762
179896229803
1167743776075
1857942535912
1686008321223
1857756293950
1443460171224
1416949888680
1535211486475
1376732015274
1685816676679
127415405553
1780568143518
1881468540362
1435517174963
1864720396486
1411370842490
1815920483980
1615104073320
1735523398363
1540784966180
1430429601513
1746949784496
1175862604986
1728146599206
1793372249587
1204505740444
1628485613786
1820482458408
1308419426508
1247371947424
1107326972809
1128223391805
1100824698157
1994064129724
1847306866412
1772652125781
116003169435
1463628953929
1627887467870
1555273449304
1495940863075
1240591996304
1481075896919
1810317349217
1490194578732
1853085377691
1444059301323
1563062976185
1740107973714
144524856814
1689453258810
1607164039268
1966032991097
1742202480158
1271170038204
1548886687509
1190785438466
1569444985420
1775160328652
1808361941991
1297237369523
1295975059999
1205099954091
1766627819689
1871611148083
1652798518420
1159983938734
1109299742817
110599576330
1918347881129
1444680365833
1834661003580
1900065645660
1740445833273
1544872659647
1512380888950
1186490843525
190248741036
1329609778576
1849583875128
1292881208006
1222525723597
1295281450703
1224449263591
1255164403534
1658328613181
196919983233
1285717325487
184953584234
1429004768856
1572854090251
1971280272771
194523962673
1838169543518
1366276494483
1312149619555
1480008661223
1277336274518
1533895679047
1652617637464
136881865726
184783698591
1539116498108
1861767482716
1156038240752
1588799663889
1593039782504
1451287437426
1221300268684
1376337693709
1668442725713
1198151827700
1321658962451
1877341431697
1306097690920
1332215287428
1271961184252
1383230147498
1474100522327
1288281294253
1933861633348
1629951604365
1623173217277
1565012348947
1630923837622
1281543860292
1600893879060
1622102612646
1261509518861
1925511648652
1756880524346
174353927570
1200732397500
142813342281
1805534158032
1416724319696
1608079837578
1918545262495
1498089141725
1493956062484
1622634828898
1492510662767
1542264628879
1727001724184
1476729994306
1351983040661
1535655840565
1499623369792
1504875864974
115741482844
1544244287871
1719691074553
1109898650744
1984129209099
1504315282512
141676685933
1335116953983
1457018043464
1891456123784
1633720365908
1142044296700
1147864538871
1755412738949
1552382150870
1390362220718
1226706900705
1596949026673
175585980061
169672802434
1338604229834
1765649249776
1103966357413
194410788719
1611993735518
1392058201439
1296544257632
1625777136304
1658919073628
1369336774145
1108857137714
1783430002347
1623195825173
187518563190
1767033422378
1754299266940
1412478325650
1622463634512
1850404257585
1645498371855
1707126130525
15201308932
1380603213311
1267865227182
1570914726887
1319284934920
1784086622268
1596624388512
1910446974966
1178259680853
1745443841138
1953640826642
1448251575269
1317410977017
1125251145166
1520622048576
1444467241062
168876221189
1375770191506
1771305138492
1633694043828
1377613745183
1715533971625
1451209648264
1497332909730
1169734053467
1732781748484
1247392640802
1847201579979
158271451998
173045356547
1215778864767
1245719772872
1989099287297
1590321617917
1263911767701
1290232052001
1182991519547
1417911552228
1539357886981
1514034950605
158140887091
195700646714
1823889215415
1676479150593
1587676164354
1990681477860
1663704031100
1153877655361
1564669310310
1743400518859
1443295500502
1917813761345
116834308301
1754125375335
1750681001097
1210955412985
1882983864568
1966140734828
1611755196755
1429359608541
1208265527750
1619480052561
1988134438895
1610003527377
1503977173499
1653755570267
1171376365515
1822670700328
1919762790405
1755619164139
1210588049563
1717163498513
1221405198553
1387074032903
1707550371464
1934970381763
129640709049
1800223882553
1863668504248
1802376352203
1654572511932
1982832035833
1335480350864
1369001605648
1293854033226
1758096433645
1584722258502
1391895886571
1784964135570
1981716191500
1861903670732
14920271904
1307906549223
1658344619529
1473917722051
1150576261147
1635621759273
1744868259221
1947074250894
1783420096671
1332977992991
1475251224673
1226218973565
1482397340661
1657091577984
1690960152861
1609513168245
1332643759552
1891882769678
1614800986889
1405015080470
1461039440728
1453032253206
1856559813842
1515323790895
1314731347265
1688080487544
1679548870315
112261831679
1785531076634
1949938641834
1938099243305
1313552166203
1778432522615
1641215499862
1638193558495
1570802133837
1516950129158
1121336712656
1426681311519
1821624541780
1570453940449
1911106624529
1302282333862
1933339466735
1151391359168
113226336083
1670328445841
1687107473042
1329581735187
1326539539082
1360390392911
1145273855799
1684968705313
1868453451986
1883398136857
1372730969776
1854768430075
1386468060421
1787317952018
1899749856935
173731363358
1842504886107
1585907909820
1136648688997
1168742522596
146159968678
1271713319964
1891321422799
1496828510874
1350995240440
1598271643104
1833372085783
1885327191308
1904553327186
1171388886987
1804374867528
1163526006491
1335912891220
1314219497545
1475287170975
152535658718
123045943773
1192775288880
1854527983059
197008550411
1369496801993
1217334343696
1987163720203
1298591039065
1985733074324
1955924750469
1658414989737
1163002130079
1483878820554
1939736338266
1389934748072
1177290135393
1403758278478
1951008220851
1276357439173
1800329972815
1329972085184
1977763118072
1215042630910
1605377481667
1555524585883
1400015176620
1789373375162
1853316035113
1110319925223
1827553524178
1974127392619
1446264133311
1210776513858
1758697552719
1426188210158
146810433686
1438893456556
1845574947411
1743620814481
1365023822806
1486608983272
1781631016124
155424241440
1624406547565
1668318194761
1667030169181
1926672644694
1942190318228
1569036418252
1848072689265
1712688033016
1154809584709
1142562289876
1774441283000
1297843407985
1305786866981
1741237578383
1696604412835
1327095587789
1537173285525
1837610569138
1603880901985
1813295098123
1738529289291
1362128269742
1232336069909
131435841199
1835250766123
1115676355209
1346980915245
1301964571439
194590017954
1859871833566
1499829943646
173490660292
1292779219002
1820533702333
1282138082175
1402069558706
1609055685342
1711592255499
188208867372
141906742514
1139514066236
1485546748714
1397897466865
1735144520652
144090168513
1619670743295
1564535688807
1151778282006
1418491544270
1930007823618
1918937007011
1871562363401
1330852115660
1153491584264
1674678301094
1163385483897
1622380350169
1333706971012
1984078762264
1690249898760
1507828282310
1208479625006
158793676502
1869412564587
1276822325583
1609831961375
1834407572331
1490715965725
17687746004
1308379758182
1482656097490
1997007890379
1284499516558
1342718524506
1490701200702
1994017100623
1358911401906
1396023398484
110146835806
1924066117675
155344896302
1495455128822
1813607558007
1102955061615
1934663064329
1612792574991
1872633833338
1685999923086
1932169803539
1614982797066
1364128783683
1995360296071
1191910728087
1472073629916
1854594549611
1500352275651
1474587843856
1903523465303
187032194125
1901398403815
1917850350475
142328759901
1520019249620
1907309483953
1527616773720
1898611224454
1509964913008
1757139651934
1971767861968
1562482906862
1676601606084
1922123108272
1698974496184
128258887006
1614290419317
1824120306547
1765657989763
1838039125629
1953639697623
1594732300897
1800692631886
1940610099869
1601583126025
1503168911220
1610985173728
131390146953
1275019317933
1269105469966
1175181298903
1633902132371
125510009858
1535807407495
1587839092370
1930974473521
1580204398941
1511567887329
1780508982558
1962758660618
1668582316510
1185650838676
1624190384855
192112487943
1364556758030
1520687718678
1217508457916
1376158331948
1503370848916
131649027160
1960193882189
1531617440659
1589375924014
1252593093941
1992070458159
1724392107443
17485391659
1420968541399
1185368527815
1688978079265
190848977527
1124621620258
1473968995206
1783818711477
1648745546379
1658306789936
1775647846521
1545773904059
1448499617348
196991671731
1262168850760
1663149832059
1965711020169
1289440056566
1689186200990
1277342037014
1747958287934
1552882221345
194184983243
1745448421271
1836251631117
1306795560724
1130405843695
1236637968205
1798805784524
1682366115515
1457218416075
1264455015471
182934798880
1512121314254
1467749217824
1322204713313
1387251291023
1572361848259
1176528458047
1699099172570
1753702218589
115064164161
1801048077271
1444550353797
1797786156219
1516853435691
1845489752677
1245278067781
1577184577119
1180838732305
141108901501
1419992735848
1766173616288
13459134146
1375468862130
1280556464105
1120654322628
1470666283697
1174415040808
1727870239940
1974692831308
1179964430384
1993962787511
1606419571223
1362695588271
150689325825
1841483500729
1863086048601
1307039642150
19103793778
1110909735570
1839953504189
1212783799070
1389776062927
1533746674368
1881202191540
1930562265066
1245773994342
1879548028075
184673848250
1150792542577
1396475189990
1120881489951
1858333104688
1557489156896
1507285091166
147843457523
1652809238091
1558728985531
1456850261577
1268800817330
1804844486879
1864731175388
1703170526531
1675469683604
117076593935
1299486238076
1152085726642
1693670393712
1780673427956
1132788066353
154534250099
1512381160233
1664835742356
135943207636
1825991106315
1933872130985
184285158715
1765764208239
1455770167997
1388043481109
1226340133904
1646868938925
1560180961726
137861294463
1583314472360
1778015752828
1497754060975
1327299390852
1589072821235
1778119843294
1932200124043
1299122025823
167115401213
1788591366427
1823606408302
1860708801472
1636053879826
1543522548322
1138339094411
1617043172482
128509982816
1861758980825
1602213183821
1340000617943
1945626248956
1928577519595
1725048838976
1492350016606
1228588938382
1758399713135
1849276508026
1462687013285
1944812710975
1322371821554
1263892140534
1491579011397
1514663983747
1565468986923
1395665710044
1154592137887
1658137306368
1787076333301
1434245417661
1988169740100
185649084144
1817955291118
1913407939659
1701560396253
1846342029805
1394278148544
1190652857403
1360869166268
1868800368212
1443901698258
17720537866
1819725653392
1586791343085
1768318172967
1195135369883
1807629676857
1206097538650
1414628755554
135340545805
1217878359117
1168805849224
1329029579301
1424534318470
1264589101318
1656353143245
1627869210864
1790186029396
1941510949908
1485754276882
1711466052061
1761017360085
196835938785
1635775144618
1813508173229
1459553080805
1903616603388
1902705610051
1583993416738
1729874907077
1366341888272
1235845481001
1315903215556
1827063038570
1434217339754
1240459776277
1316431412080
1429244390125
1944012157
1914605914796
1388594042751
1869329294689
1712834302187
1960311728856
1685318125204
1660878105
1966222128296
1192296022657
1630342489505
1834408923569
1845030705503
1988833499896
1756911596900
1949068600625
1993762131830
1685203972546
1115786160183
1860582460037
1431569877657
1846444450796
1640945369508
1676335224401
1493717157480
1152791025874
1545768296214
1715592192457
164991870676
1271324595470
1259099027045
1290023424492
1658321531401
1652586665881
1334235617370
1957046976405
1905345938706
1194144954848
1305252370164
1962116463958
1457757839209
1218233494923
1326095778277
1529696127079
112376288571
1757972830385
1138412253237
1254694578262
1714227116652
1808300256719
1926406624129
1493981420977
1618600973412
111699691238
1882134288977
16679699836
1343584425442
1416458151794
1839764337482
1514494493932
1468944010928
1293826660297
1927839163621
1787506138479
1529780107776
1448108077301
1926821724376
1970553517888
1193189946610
1363693188148
1910364659027
1396150219868
142105151416
1767928449501
1745892453244
1427407976567
1529526912137
1785258974477
1693142181491
1150373471046
1773883440792
1185816493854
1601149491561
1605494290028
1243912062714
1662157696318
1404522326459
1965314172765
1289044963967
1730833919941
1275293814229
1745234779623
1141420420744
140942568641
1848797291528
1146147279739
1121282263267
1928434675542
1267618677326
1988704885012
1550898773587
1806964245137
1981718653678
1524438232265
1798785665834
1611421064783
1119577356472
1304253344007
1814794848077
144548077434
1495281594037
1351941735884
154542163049
1219806189385
1155927039278
1759663186212
1479225810301
1862503197014
177283497849
1330961307756
1154860496448
1584950859409
1102896016633
1967660666668
115555177014
1683944206541
1158272267515
1460416618807
1604694679604
1115718833544
136246145991
1883554956534
1903582908186
1543918426460
1906003156848
1676517735806
1108819263669
1247264900174
1981816710619
1286615959177
1157766064274
1246416652248
1728242359355
112234337756
1494851770957
1261841331064
1877941912517
1349087731191
1819811241679
1422433278324
1712704987231
1880599127563
1740602158022
157607987850
1705077406708
1448964694863
1350970471145
1111731024889
1166215209928
1671188431938
191306772850
1206629487180
1998555641612
1344071918176
185322907989
1470486122871
165504436956
1377886198430
1926184164073
1370708747054
1153710601222
1294169230559
1448677389786
1362999170696
1184665802070
150807265720
1697268021149
1198468244014
1306549553696
1493723945033
1709974269397
1791303007134
1493125717590
1645474482690
1143639883893
1785155918197
1508145139554
1834468418587
1185490032996
180722026017
1465875641082
1657896354066
1530456265896
1896705703907
1700296173275
1296199998576
177743438728
11617921391
1481410729336
1400118767017
1725421147926
1788374271905
1951532290996
1912962360242
1492037071321
1473177412710
1999283072589
1485430954480
1527297569335
1247459085390
1672208419247
144026630255
1842624198020
1556374572776
1291584283577
1287247527982
1372171694492
1149197165873
1849636978655
1885669175963
1892695488003
1469914093578
157072198888
1622116611473
1129518345704
1800819428720
1881242837159
1263873705556
1218239675489
1553250271145
1339417211115
1507600031064
1784063478426
1245502449172
1243721661183
1532155992368
1616813983063
1974150433007
1826798234682
1631310244025
1618086359837
1831562718032
1832390833563
1138362769183
1177767829084
1371139015543
1260958122067
1615505595700
1816724529721
1940773297180
1178424957751
1325308706553
1873436659159
1784626122927
1303440551893
1161010664193
1316513104182
1649714276620
110280596602
158507647786
1498808926947
1961273987002
110832225198
1299502898048
1662185803091
1699461585875
119767755656
1985573675272
1327472754943
1628754866500
1671723116314
1266439956637
1901852977245
1260711179453
1612349964808
1725531073844
1431726417585
1373108127051
1215231330861
1844645345954
1487473529616
1510815410789
1531107041071
1146663796410
1926741456667
1481589934449
1170983216601
1132385866571
1888855074067
1604286043281
172289320581
1178471048581
1908831718903
1411052923392
1762505148833
1842786542443
1155349517302
1835842364989
1809910761590
1953829986147
1138998365000
1566602190474
1516700275760
1557081568622
175168391745
1691228733270
1747351136211
1363682659418
1216896406029
1842222365714
1936566783868
1755442489180
1787112091960
1992595153095
1341354490492
1263174627085
1381331446949
140924077275
1309120880557
1111663261286
1901978146142
137574478490
1132553135864
1904557748633
1337931909081
1597759589614
1141709318985
1943888027957
1688654222367
1722408993785
1715701401432
1391370177385
1439496554002
1251046081552
1275393517539
1187166704587
151179703478
1111014035224
1332999460064
1956971646170
1992181393026
1445293115896
1939130165275
1287809017237
1675013467407
1888393669731
1453413177054
1867381167532
1306868230181
1724895246430
183522109969
1210761752088
1478993825516
1670720038602
1197252863409
1685376725157
1475700894713
1808517187000
1649829732387
1914069804683
1885532733812
1365736490950
1532980159375
1896562447297
1976993785491
193081567554
140776818288
1787983966364
1479254052132
1530529712131
1126175819824
1317529402074
1545844326030
19749885331
1645931312761
1568936203781
1458711119700
1214918908131
1282370929438
1517622287185
1977019341738
1476880728787
1727110078462
133283318377
1531689486798
1712762056489
1257665014042
1745512136614
1965284227252
1885069698409
1570255520043
183458825198
1123393807729
1727566366259
1677624676746
163946396040
1239468137498
1736879264686
1656559877345
1572329985159
1196859201110
1977390143562
154173489215
1439793815239
116855542896
1722085616624
1820828211487
1989570361814
1698450287613
1796937406286
1508929836531
1469301228869
179389859484
1303837053732
1465269149313
1601717003
1111887072837
1725478833318
1947488275318
1216892441413
18474496784
111375803328
1174682566980
1793020914268
1469299919892
1578842391082
1307911434497
1933239372651
1470404867382
1821905491001
1254818106591
187637389732
1402393206675
1200874602070
1359186012690
127939661045
139535861273
1956423327112
1831617090566
1722598594893
1439360591645
1843818310455
1416825236622
159039797082
1916996365829
1779298466479
158866606677
154079257331
1644153975382
1771794224978
1507385251200
1191447072372
1335748282340
1545792709465
1514210827335
1351227399640
1947654094495
127734902271
1927825291260
1196746322733
1591162950601
1824187181246
1558542275273
1100304791295
1230685720699
1909732789039
1672486364493
1354779973638
1310095653600
1950346866127
1189048524540
168286855221
1901578710906
1224917817667
1936170920950
1819511616029
1459539729691
1756566386933
1887968081748
1530569087667
1235907053018
1826247542301
1921364293118
1497456128212
1527798500745
1652209829468
1326303845851
1281906867857
1590699491142
1407928222819
1780317461792
1419483141609
1859690687647
1595559134453
1321443272637
1893688398796
12450634106
1155606965052
1598996152549
1338668470607
1239321326351
1696379621756
1226550429546
193311538083
1479822013453
1201310737090
1667695257385
1182898070660
1670350080907
1827648254493
1991780979459
1921721382043
1694165602152
1139567965380
1267762299783
150051874315
1764765166677
1774515965236
111477456011
1324305964395
1556370158242
1995080157455
1714945879747
1628044038334
1390420425515
172758205623
1758028030313
1658711232046
1480619508438
1761265447424
1682215078405
1901788762294
1760089314144
1819175648716
1740843522376
1572452745990
1429039797379
1406732027993
1175292555506
1532176214678
1871617435845
1757063803912
1859122935300
1855035393716
1379521927489
177211253185
1716754448255
1785021183757
1520691060637
1717209144197
1746265041083
1755406254098
1222643912949
1411014491284
1257724626108
1851858983955
1266745192320
1958294803330
1341795210428
1748540582065
1691998512856
1815113008313
1772464113171
1700752271422
1863688258570
1683542064633
1816731509647
1807505790499
1207204840764
1899059482997
1527859543090
1974483070330
137343132017
1701894349343
1114513099330
1561038365735
1568019673256
1622164574897
1146108562396
1388513571251
1965155082656
1759221252133
1871378476628
1621222780962
1227009758896
1336395796845
1670652385387
1149336708821
1248444624781
1854425175979
131950201612
1681927923799
18892721658
1613643996044
1543259148753
1499119584463
1509357552478
1674304621296
188347713860
1876522733183
1465019792911
1526316450071
1817652802758
1277644090353
1608911795253
1343975619310
1132478524604
1256948744807
1870384640432
1862613406443
1484553237309
1580058072545
1471030024075
164061121632
1775741335336
1798616278143
1417696113710
1706887782906
1344574206837
1807689806216
1364873957260
1635586785876
153647439851
1679924051557
1656723967250
1112777009087
1675290447688
1488271464386
1255281000268
1925874843054
1241914332536
1913455266350
1338678205721
1133284692082
1727452003006
1763110042419
1889983654102
1911547035215
1291326769786
1171586061368
1864327360146
1169349495587
1962906634331
1360029698767
1607947435930
1634569027882
1872288916516
1617406183606
1893889290446
1507562777517
1732873885715
1532663364142
1935174488970
1717597953443
1224290069740
1509833508296
1439043082607
1609192984643
1265528022
1508058242298
1998695559819
1528173386231
197884763593
1785479728693
1680112408121
1259330530282
1209901239911
185925647660
123731557465
1925383811045
1403823695698
1234583426744
1936832522347
1307941971276
1261429822008
1921845202688
1185105029823
1149046155537
1661012967000
1906382058821
1352911654110
1184217735851
1877040922403
19902142298
1134345343669
1599487105566
1870360475233
1275160397511
1338676110019
1930327108080
1695085002838
1968343234057
177313475768
1728532469113
1665104015280
1866918752762
1868495145754
1560823717759
1325284921199
131610825448
1901189195411
1856278277515
1674398350636
1889389264681
1330193500030
1386447875652
1264240177270
1801377963572
1134229503306
1401061757818
191476083636
1550510507345
163737536760
1726329292049
1547195258816
1582331632326
1435128335720
1480368325736
1543507179858
122413104937
1360059595257
1673419437393
1939993069505
1594634121063
128768491399
1200274858839
1110657437632
1172491626766
1549740696312
1929754538435
1499448006390
1264536441941
112109984378
1402892650105
1316341049649
1439548968138
1163515131594
1112937842589
1920004334803
140182336167
1280308687603
1616129021796
1207740388408
1996544453821
1818738991973
1803436577364
1387866988845
17571931500
1800903767040
1588827568952
1775432059426
1418178736424
1304729572482
1530147655124
1940546187874
1326328363005
1214945442522
1970788189050
1560926689220
1768539121675
1723389885519
1754378054390
1352757109412
1628688095525
1641970685384
1109481979748
1329470759386
150947915348
1247792588094
1476317179253
1285120534033
1552992545746
1388864346300
1639595098420
1603156850018
1828817906715
1779226859172
1178324696971
1600948855417
1781743739915
132863466309
1863417657190
116536941440
1601182682140
1345478412994
176380668606
1455801614593
1441240937551
1714191012712
171370545273
1965667736147
1649304456291
1873390111141
1767876747782
1751814840789
145581162077
1452883608344
1848724837448
1301102645841
1541828486196
119531299569
1660604419263
1711848311565
1283247641716
1438412410831
1726081977075
1405953534034
1133415489769
18767349398
1586468125741
1987958901554
1720282034118
1924616520078
1959664245827
1767886310751
1898588124963
1576692843594
1932736412645
1310954473275
1888266344958
15413180138
1620631600170
1408927300309
1713955953640
1768088649463
1155057720212
1861989805974
1514945307996
1836887353462
1789839793322
1143164625571
1763455282366
1946878405738
1773495305525
1993669672174
1996985633759
1770625373517
1507281798644
1776311719405
1971933038364
1439922180234
169694148767
1245159102400
1243512678126
1458789885400
1588743116892
1776425120100
1494914690462
1520584002820
1969368427053
1764695749699
1497527627173
11561082815
1791473682420
115894526431
1451407484257
1283212562154
1696182785861
1638168910155
1641195255641
1118832958460
1716604669511
1140076093274
198514914070
1488006214914
1864967264678
1254024856884
1276896870262
1655423161159
1418494074623
1844621878212
1122823381732
1283129249083
1477315273723
1456075167083
1851756993933
1824424789
1510865804112
1743850816197
1824852367785
178739334353
1581518474135
1541170005082
1619015782602
1735843559151
1487719428846
1958560103467
1370669803064
1332270989879
1686595438284
1893686157939
1680620755337
1363043465315
147388169608
1957552528295
1499349901949
1431170707278
1814810866957
1146675860992
1403307605241
1742385474167
1785811438275
1699315469515
1313871721404
1558416627216
1341792921684
1380525330435
1300167076951
1130463950199
1812665281661
1625133465253
1552777934587
1715383916004
115551250278
1224400058453
1116687628413
1457779531103
1121748657133
1923212209615
1565453428596
1615560423442
1432494706720
1598944968481
1189440089750
1990051079490
139851386583
1923267426256
1349970161129
1202638532507
137173753508
1175477739596
15628757523
1855741356121
1386413521614
1709195609698
1423350498292
135283896831
1612270794065
1853891140126
1611840408925
1306657587195
1897214712516
1205134410990
1722504766650
1805825402242
145571767616
1328778977909
1972418646360
1186764740286
1549573696252
1500675907976
1183905392267
1507997560567
1538084665177
1617291626173
1815522742579
1635432646188
1617260349559
1316915751844
1107443857292
1879029889928
1550924670406
1876463498494
1796775862723
1417296032114
1430448318661
1210014597247
1447851926062
1864473879908
1471004585386
1317961559277
1482710968466
1381259442944
1601199831259
1756186530579
1375018031993
1196949807486
1501110817369
1168438686207
1749292282167
1763407614344
1718605344981
1306509223853
1388097746718
1637324971566
1677147458477
1784812742974
1962542131193
1934005266398
1380644376966
1367754730366
1400789871605
1364381173325
1184940283167
1117816421180
138818928346
1242254113127
176634638258
1837513547760
154932678677
133422895833
186688604908
1612077874865
1255562457713
1183324693508
172457618604
1871386340141
1275547655086
1251135046928
1661357519902
1771760219631
1525172745673
1548930897174
1784612638675
1371520047888
1274704945385
181671060195
1744875175527
1159128350794
1657870327871
1737091441396
1143517334016
1742410881854
1546477120833
119627039053
1325084935658
1343518772894
160402613579
1101122564254
1806600497275
1707291634724
1460509235135
1789456757096
1853620481903
1542754516319
1772236544238
1901229794376
155085202313
1212333587101
1720252022919
1744220507156
1590337657238
1359665754001
1757971665760
1541018976924
1451662007599
1550005419111
1563297956845
1787113571180
1409920576835
1951758261801
1850454477403
1166925324142
1588237050662
1667300818509
1127044154856
1879879548294
1581141069013
1846904270503
1910095185144
1210035031370
1417513889418
1381992561775
1891104637875
1552539121652
1538630502036
1917287378743
115420831703
1316304864138
1775124025548
1344566079144
1355032143602
1498786495371
1243421723184
1705766793586
1952340563307
1843173294097
1697383050525
1186268414319
1451786499540
1904404872178
1707842356677
1176546863900
149300453148
1249274497296
1374224829708
1201257189427
1415396036526
1737749482925
1631867714037
1101811871788
1972606913036
1782818033554
1146528667278
1999712226217
1250611737985
1795945327889
1196167391002
1762078991136
1400875499788
1726067471266
1184982323492
1480957094142
1820634776676
1295350959796
1792017913070
133632777195
1196098212538
1966234788282
1895878761049
1104481421824
1833369221427
125266801617
1530320032567
1599456782638
1465548531758
1291916788410
1353685858374
1720727135311
150183151876
1150709386249
1872847152081
1249903400354
1807028162794
1938038112936
135735812153
1423263998436
1974184791330
1248449989731
1206126586611
1692918392602
163313532509
1207960855063
128763318352
1716843683821
114032355097
1735568627201
1868576386988
1992420699296
1970401560070
1579291238820
1371765046329
188358482738
1709055416704
1494751147767
1923938827205
1315283531438
1583811244125
1976620015373
1504927462760
190465063224
1822544682202
1803602621310
171185110694
183533951388
1487240743537
1414955830800
1375267964677
1596968295104
1627983142901
1400975574271
1176231543481
1820021330666
1703464454420
1682289301647
1315033850432
1924387439670
1845722233563
1484039868318
1147282556258
1755700862631
1635573110311
1606045200881
1277616268963
1943814393195
1724620411034
1738859525495
1262682698768
1850740561694
1493622986555
1428537154894
1100967637822
1947241490609
1320661800357
1617463842415
1630543414570
1171700562565
1126938074008
174923404986
1104357039761
17472495898
1295818192547
1766150832917
1431600301511
1191808464365
151605270262
1722721426244
1404431386836
1320236365330
1144164722838
1897953272974
1993418569998
1228520510382
1318763574276
1522071844170
171001142708
1726913218342
1489699474272
143952733810
127608214314
137439611240
1689517092735
1939896210006
1144330149997
145480246746
1826699830557
1561828757834
1129452426613
1338468718948
1967035102821
1159381307751
1762388099700
1767438154122
1680554069101
1822290027403
133781458738
1857186804868
1352610501309
1395895600973
1141471118922
1429095720318
173646585081
1165197448767
1294419382866
1401689000503
1808853003346
1305929084276
1820434179379
1979467512129
1269598035473
1108775535055
1740110327076
1328033805078
1394734751966
1691724833767
1104436729816
1866408853253
1131096225017
1161024974050
1725612952381
1865671985725
146344759281
1827452776739
1184693771347
1185558874510
1405991530322
1425759769831
1558633647399
1130885985067
155932194211
1439546520944
1826521681434
1829899702439
1899026155004
1194582391149
1964505482563
16203145228
1162021052143
1941841985949
189489217509
1269805055935
1589127747939
1918755700542
1575499431393
1476752082038
1314453287241
182845752379
1359273387872
1240362132023
1569138974269
1603371256540
1174722943439
1403230276281
1446666950337
1322203201458
1981100092812
1830149939672
146004678040
1299088161414
1562364600674
1353609466663
1954701476139
1461312070231
1947245105243
1937071327764
1943805222997
1768087260728
1246970819006
1437487141680
1453428812803
1654648242655
1942831948284
1228680065321
116166203863
1860018005435
1197175903425
1625474546612
1770170282009
1759104596054
1519028415903
1929828755717
1904241244392
1282678862207
1583902869325
1824870424630
1858867420974
1206450400548
1413315915437
1316364681496
1137044940838
1345803594733
1484637705404
1404058624958
1638172830799
1180913363777
1540019838542
1125731139740
1586387769416
1597516154928
1828282373552
1224182302054
1832263386289
1236306555148
1205615849975
1307390843554
1816765797501
1386100311469
1634783223912
1112789776192
1180851150003
1458077662300
1184218514308
1851435958209
1584525594771
1923293461092
1567200459368
1272261446529
1843764682573
119471167175
1843616961825
1370147568638
1772371542440
1453454857712
1289703378352
1924077233994
1614627196728
1283320750427
1238049697879
1377673911706
1398267551588
1267567037989
193066115605
1465204506711
1910441600205
1654340140716
1151575723928
1297780664242
1611265773387
1480018337573
1206388608891
1923109964361
18456536984
1475378156831
1323833317188
1116914892252
1819522054269
1375303482049
1655840542518
1711215665550
1999464696559
1397393005295
1207225664446
1470493846417
1538244850154
1612302267706
1160631307775
1497271272704
1530898690141
1504745087598
1418677830179
1592778128171
1623852194497
1815745868309
1724486869913
1803315334939
1135732169780
1507009272386
1686238023478
1674100318061
1872787184318
1310103776721
1573177159823
1636840435464
1184647584547
1736969847085
1493479367773
1693015472926
1756531987309
1493993674409
1232678309640
1802637894142
1437626368189
1913977195018
1575637957387
1992674247730
1192586888660
1848824608720
1221337033253
1933753488458
1831364697160
1811353694596
1365792350864
1240652875128
1310697253092
1278276372340
1677508150066
1139808828217
1119290422848
1196367803479
1494104884399
1196594453124
1872363240347
1712007823005
1723284337895
1456531030144
1406965555361
1580957844461
1884209148396
1747438517120
1884293075463
1621298584513
1130891890543
1990961195478
1334500691178
1114579690709
1655546516062
1212905604684
1224326414015
1128757664870
1302374298091
1954692934018
1711924980781
1154604652570
1903061446619
1461645982871
1824494796332
1477605679149
1844744518105
1321327026132
1177744437875
1358452624682
1734539384745
1900854289922
1413042866104
1613812118792
1387328415436
1733036198564
1813763783674
1787212425367
165841783456
1971653152897
1201469878189
1800600157909
1448263465775
1306283952641
147526997361
1882756725597
1255330390371
1537108509892
1738036359424
1544470164674
1290828902076
1715404477579
1418101571069
133185337710
1760954076926
1977624941216
1601537872048
1999865891438
1858635979680
1545136155210
1554673239431
1867940029238
117431216028
1106996696089
1969582982123
1836966412012
1606209303989
1203533284316
1211055870209
1169104886846
1827765811142
1674915513965
179349525437
1422499133911
122411310668
1217821064298
118449031024
1705428098052
1162856439101
1988245366201
1532316810262
1561415917084
1642892266345
1311107297210
1251573059116
1859204804062
1187416719380
1786895346528
1175752874078
1938693193433
152230551787
1524972574795
1677819987015
1150426273400
119660598051
1106168511693
1687473925
1814134485061
1436988464200
1573337070979
1624197714696
1738871507251
1208708568392
1841631470614
1978183930881
1165854566892
112508229320
1322737318837
1491055817002
1191774215616
146295190407
1116954318772
1324939495888
1723398783512
1596966580328
19189779061
1908314399946
1848778616406
1201130369143
1739420673421
1171783104715
1510945601843
1187878626467
1819049617240
1326920317648
1235568401162
1611684547435
1463048319756
1444335138499
1649435876768
1843715163430
1136456350784
1761935007415
1155325001094
1403261038054
1219300867325
1889255487546
1725775777652
1582715515688
1941579663734
1135761690963
1132129680808
1873880094596
1485617562619
1795229955090
1627370141871
1618485785774
1131529080704
1968318049088
1504156202864
1875955651979
1919774303914
1357210713548
1455092475532
1595591545767
168917793263
1748187730001
1368125810908
1853888942442
1130843708598
1729858503272
1298760767099
1881852088329
1360664978889
1632481792905
1856780544111
1942220446318
1628955256545
1990624572729
1163559846532
112115076786
1409861250808
1950840223703
196191283160
1473094684441
1152369207356
1851560675079
1339660058750
194120939435
139090979247
