925
4128
6542
1185
4395
449
5551
6471
1391
4501
5904
7938
8068
5778
4208
7673
4265
7465
8928
3501
779
3323
2528
571
177
8432
4624
6285
2892
3168
1180
7715
3821
7631
7677
7306
8724
946
6350
6828
4086
4597
3939
4682
5893
8107
9420
4387
5035
4646
9911
6072
1307
4136
5487
9892
9613
7679
2210
9858
5001
9580
9571
4485
5975
4331
9032
2329
3409
8812
9298
7805
5764
2458
9601
6482
7769
5621
8292
9975
7731
3533
1589
5702
1706
1671
2077
9456
7682
9031
8484
1275
7254
7239
2134
4425
3489
4268
145
1291
8708
5754
6366
9317
223
1605
23
8449
5558
9558
2712
4103
1186
4702
6106
7368
9650
9674
8968
7811
660
6464
5035
2577
548
5995
2873
3346
6069
3554
5358
4099
2674
2804
661
5526
230
5129
2439
2557
1073
2824
7219
6425
8009
9659
3944
3226
9597
9624
6444
7883
5588
9255
6618
6573
4825
802
5466
1993
5687
6362
5114
1065
3909
2140
3537
3581
1392
5070
3664
8702
1001
3611
321
6370
9554
6463
189
4436
1252
5403
6084
9778
8487
5210
9188
3323
9485
9769
8949
4312
221
1885
4108
2048
3307
2895
3457
9787
3017
6680
5026
9040
1547
2835
6325
5102
9756
6398
8159
2649
341
5598
1178
5801
5105
1246
83
2089
5335
421
5132
4885
1057
2813
6895
9747
2857
1861
9308
3351
3644
5277
2772
5299
2255
3819
4491
1849
9735
5786
7243
6775
8970
588
3426
1486
9543
4574
7641
7007
288
3376
82
9626
8167
3794
8349
7016
3752
13
53
5733
8953
3710
1840
8500
5993
9641
5509
9298
8412
6900
9636
6169
6043
177
723
339
2385
9555
9381
8988
6700
7035
1270
5438
5285
1711
1720
1147
2474
415
9176
905
5454
4159
605
881
3825
839
4792
6770
6847
1831
2038
5591
4038
8136
8355
6289
252
716
6398
9191
4215
6363
9385
8989
562
4206
1618
5490
8332
4445
1597
1507
8494
997
7570
7445
2046
1472
3100
1913
8081
5480
1786
9180
9665
25
8148
4648
8760
9997
6806
1412
8823
5764
8388
8350
8656
9509
2559
1618
4571
4682
7754
828
9243
5906
8004
8759
3751
4186
9038
8862
6433
4361
874
3227
8832
9325
2166
8865
7372
8108
9634
2545
7479
9070
1363
3500
829
2017
3585
2254
8247
9278
5694
3775
4915
181
9824
1967
9925
3783
5403
6017
133
8933
195
2942
8266
327
6000
9145
1433
6349
9912
3292
7006
4021
8571
1033
5081
6980
8438
3089
6335
7403
9287
3713
6912
8140
9400
3809
6950
8163
181
9824
1967
9925
3783
5403
6017
133
8933
195
2942
8266
327
6000
9145
1433
6349
9912
3292
7006
4021
8571
1033
5081
6980
8438
3089
6335
7403
9287
3713
6912
8140
9400
3809
6950
8163
6963
409
8219
5034
5772
9290
1794
4359
4465
6038
6430
322
530
1327
1546
1594
2055
3154
3360
3556
4030
4137
4781
5745
5818
6127
6574
6638
6826
8054
8371
8415
9149
9576
9778
9863
2496
5952
5581
6911
9360
9913
609
722
6615
7360
7798
178
245
611
1659
2166
2212
2370
2605
2815
3153
4189
4210
4372
4505
5777
5918
6466
6667
6717
7423
7570
7799
8202
8427
8845
7364
8164
9992
1332
2321
6233
1189
5359
7552
7726
9755
280
316
546
1314
1462
1747
2190
2545
3287
3912
3927
4168
4242
4404
4713
5203
5490
5771
6313
7538
7561
8193
8385
9171
9606
7610
5681
1010
2138
950
7233
7731
6312
659
3796
8682
9885
3978
3606
5134
9341
9170
9663
2124
8301
862
8475
6369
1191
8785
8905
2476
145
4164
4176
2784
994
3801
4493
1540
5145
5807
980
5799
4052
4684
7501
1993
4758
5986
8950
7395
7984
5492
1657
8824
1323
924
6228
4462
7719
4268
1252
110
7145
477
6699
6540
6216
2789
824
7558
1283
1014
1029
4341
2238
9640
3441
3837
1978
3238
8290
7267
9417
3257
1544
1429
7514
6757
5747
2876
7457
2244
5241
6350
3503
2995
3767
787
7305
5080
7602
9872
5540
9351
1208
5071
606
9967
8217
9839
8951
1908
9101
3724
130
9865
7985
5403
4645
8082
7501
1403
1232
8783
3877
6484
693
8794
8409
3360
5823
6146
4193
6738
5675
7411
1127
1443
5980
2824
3105
6939
3915
2504
5972
7903
4823
3350
1535
8264
671
1530
6206
4977
2998
4905
2254
4642
5000
9501
3967
9390
219
9618
1654
7996
8537
395
1885
4041
5428
1542
8598
893
8261
9453
1998
8083
4376
5661
4084
537
4375
9200
2792
5320
5530
5670
7874
2066
2697
6441
2371
8080
5390
166
7562
3421
3446
3291
367
8135
6484
8072
600
9369
3612
7788
9221
5682
8502
756
176
5175
4679
8515
8407
4279
6299
4727
5265
7581
1216
4899
7611
6592
6267
9419
6529
824
1742
7132
3321
886
4146
5944
7727
2591
486
6720
3105
3688
6766
8611
2170
5814
8232
7828
5485
4866
5764
8720
4223
5184
1072
734
3623
7386
586
4324
1638
1525
6073
3221
9377
2506
9684
6691
5471
2642
6124
675
4903
3763
4182
5748
3397
8405
2321
7226
1323
6029
3312
901
1377
1974
1495
6580
3823
5592
6088
5413