5931.00306
5290.831
5893.81387
6095.55258
6172.21239
6347.77976
6111.67685
5927.14296
6122.21589
6180.47294
6321.69937
6373.4972
6428.92523
6253.04161
6132.214
6370.5071
6427.19525
6419.29328
6411.88033
6518.41027
6339.20456
6275.90754
6549.88575
6506.8669
6477.98626
6614.06536
6646.88032
6434.78099
6258.16451
6611.74932
6611.86054
6615.09455
6563.72598
6604.02506
6318.96861
6151.98477
6406.9051
6475.8504
6449.96404
6545.3963
6550.75892
6315.34397
6190.78758
6397.51371
6252.77818
6406.44656
6439.59618
6637.783
6353.20233
6169.32473
6440.30118
6473.11119
6454.91709
6340.19971
6412.32426
6214.03964
5993.71547
6361.26627
6261.62972
6377.16558
6434.10038
6517.97394
6258.48534
6058.77271
6300.19689
6366.67874
6576.36306
6590.65284
6721.65115
6489.98403
6404.04709
6794.9217
6801.50961
6864.79045
6732.52634
6904.63258
6600.78095
6294.53853
6362.32106
6570.66487
6668.10138
6729.96271
6651.94217
6451.18369
6357.04636
6590.43641
6573.76245
6295.43484
5857.60053
5701.24567
5877.49441
5980.45987
6271.99395
6319.72139
6366.51232
6347.61996
6417.48162
6294.86767
6259.76873
6485.92703
6394.8487
6341.05036
6433.31798
6559.34084
6346.43953
6261.59084
6457.87307
6475.54849
6538.70969
6396.36784
6617.40625
6361.59175
6227.2948
6598.21524
6558.60521
6653.17814
6602.7438
6583.80782
6281.09842
6112.52327
6317.29536
6273.91257
6673.63488
6491.84776
6602.00198
6322.80511
6178.36645
6422.76844
6290.60039
6314.90269
6462.87556
6590.59467
6396.78457
6057.84867
5985.39947
6453.85816
6543.67219
6639.86494
6637.4827
6286.51942
6192.47496
6370.78398
6478.83994
6532.91126
6541.09941
6743.43033
6161.76555
6132.23752
6421.90894
6622.8402
6602.9635
6743.50211
6508.56458
6495.44542
6285.00072
6391.32101
6640.74635
6694.91444
6850.24912
6957.60317
6582.13627
6341.82736
6219.19132
6742.54668
6718.57219
6494.76956
6721.33935
6526.46129
6273.80598
6665.23997
6508.06983
6424.23165
6694.57961
6733.72532
6651.72744
6272.81689
6641.39821
6630.90021
6540.07327
6631.60452
6676.99876
6315.76469
6034.862
6105.37959
6525.67472
6641.79525
6707.11073
6801.76079
6583.20926
6491.62242
6773.77417
6796.72527
6861.28988
7012.82707
6925.7668
6759.88734
6494.74381
6833.69508
6742.04742
6922.46107
6849.08587
6778.23691
6625.77647
6406.02706
6714.97525
6594.10388
6774.69165
6797.17778
6775.10876
6646.34819
6435.04362
6665.97272
6494.10222
6681.03061
6742.6942
6745.84133
6585.88868
6292.05542
6670.9347
6676.2502
6941.54364
6973.21031
7022.55423
6779.28076
6698.97543
6875.09051
6579.3895
6584.07295
6873.72105
7035.41532
6536.3533
6375.61857
6597.73824
6876.64158
6845.42758
6739.52328
7009.9401
6636.0898
6452.71375
6747.5974
6847.196
6867.2239
6847.43951
7032.05262
6794.18709
6521.89104
6879.23679
6726.6573
6516.7353
6661.89069
6651.93057
6582.78442
6416.70391
6802.28466
6759.41074
6829.44471
6718.90325
6778.91322
6327.38817
6119.62452
6654.38258
6789.0765
6832.96705
6937.3531
7035.95022
6671.19617
6501.68983
6750.34159
6784.26258
6692.4367
6639.51105
6762.09186
6460.08044
6503.96601
6645.86314
6714.56381
6525.76925
6711.273
6691.37889
6382.62479
6441.95114
6727.30775
6577.7419
6542.27659
6527.66188
6614.73878
6444.0687
6206.09212
6352.34834
6640.10817
6859.62375
6762.9475
6863.09506
6612.29741
6275.60259
6541.96038
6584.62828
6702.19773
6831.55104
6953.6012
6655.29606
6546.58805
6775.24593
6804.79287
6866.75316
6797.3706
6733.9043
6500.89017
6235.1232
6269.79995
6686.55294
6855.76896
6932.84471
6895.51222
6699.22633
6398.05665
6627.5376
6777.31163
6768.68631
6839.81942
7033.95262
6811.41151
6628.64477
6870.99459
6812.70039
6909.23991
6766.45792
6868.11226
6712.29738
6632.46136
6829.18755
6659.37638
6657.34266
6819.58559
6876.25047
6617.60821
6532.05221
6799.16523
6793.7752
6744.94511
6796.08547
6686.84979
6584.63709
6550.76905
6898.91044
6903.3815
7001.95452
6985.0992
6934.6874
6708.02662
6565.76617
6823.90086
6849.15212
6865.48271
6885.05334
6842.8073
6565.72257
6380.5233
6311.0319
5962.74361
6499.89668
6635.10292
6644.4005
6474.4913
6244.22661
6159.14414
5773.94699
6334.27705
6527.66783
6713.42033
6577.99942
6273.50105
6334.31345
6473.43149
6442.32035
6427.26727
6550.78053
6464.15207
6280.37898
6589.72392
6574.40318
6740.40327
6731.76582
6813.53492
6553.13077
6461.27635
6574.85244
6661.87278
6873.58444
6922.59656
6969.33669
6757.22018
6593.71747
6776.31982
6894.72232
6836.52832
6859.33733
6917.98252
6624.66853
6548.0358
6882.60148
6938.84073
6933.18072
6929.73969
6894.49681
6597.34088
6539.15779
6865.71779
6888.08496
6991.38122
7062.51612
7162.60917
6829.23457
6650.75974
6793.30765
6633.91376
6713.27239
6786.24123
6961.69743
6697.9675
6416.22348
6709.99618
6806.91897
6843.49411
6887.76916
6973.17653
6572.5592
6492.95183
6828.58207
6942.51932
6895.5346
6869.06072
7019.07734
6759.65189
6342.91507
6668.02162
6694.45761
6827.43705
6796.4745
6880.46338
6659.01857
6491.48379
6694.30761
6767.39774
6835.33429
6819.48797
6790.5267
6653.29144
6424.11359
6608.88111
6825.76941
6895.21549
6885.4454
6847.15442
6775.43615
6515.66872
6747.15386
6632.20571
6804.87817
6890.71923
6937.29169
6787.72741
6670.36402
6948.19726
6977.57165
6941.83637
6996.81253
7136.04835
6920.28428
6673.37071
6948.13904
6968.97028
6711.39348
6289.91076
6203.99285
6327.1278
6446.93633
6730.01403
6796.4856
6869.34079
7030.46463
7041.50086
6894.75248
6784.16894
7055.44623
7026.92199
6940.06167
7192.91263
7225.1847
6905.27477
6857.03755
7164.9231
7145.69624
6886.26117
6737.91144
6756.94878
6625.98319
6603.64864
6857.61605
6986.08292
6923.08479
7090.7472
7045.33562
6727.81533
6428.52172
6830.61199
6818.30391
6898.81947
6725.87066
6910.19449
6567.63825
6303.50053
6788.09039
6614.61844
6698.74976
6563.69864
6694.61837
6496.44083
6350.80906
6618.79271
6940.70475
6969.572
6762.99095
6759.47137
6786.68761
6570.36423
6875.62495
6820.59071
6985.00502
7020.87619
7105.69134
6838.05293
6729.01968
7128.1408
7184.64933
7160.00295
7233.98051
7270.07512
6998.91391
6600.96213
6519.72561
6872.30815
7072.74127
7169.37259
7217.21499
6842.98055
6601.64162
6540.30245
6903.91411
6931.23244
7018.7373
7115.78802
6921.82593
6780.29212
6681.94309
6850.48712
6950.95559
7031.14378
7114.67948
6841.48206
6668.46491
6852.49475
6871.02976
6992.79417
7167.76457
7137.00082
6890.99535
6835.50139
6985.10733
6926.50399
6976.43708
6910.36262
6967.3598
6898.69392
6720.21525
7072.66904
7117.69234
7156.88973
7109.22742
7215.06316
6884.71504
6696.82831
7084.79755
7027.55624
6945.33149
7143.36973
7265.17605
7105.45601
6917.69654
7392.14136
7276.55249
7050.12438
6910.63731
6846.14088
6780.8705
6759.76746
6547.02923
7153.97501
7235.80139
7271.23949
7385.20753
6784.93144
6952.32358
7304.66
7330.76657
7057.68343
7227.07501
7471.5502
7005.93495
6797.74304
6786.60133
7154.53006
7272.55468
7137.32418
7329.37034
7064.12675
6894.62897
7289.19837
7474.83913
7395.44387
7329.97342
7428.69522
7128.49355
6901.39991
7168.60773
7065.70934
6897.95356
6703.61008
6947.73973
6479.28089
6612.65323
6709.47767
6890.72764
6946.61317
6833.33685
7123.44314
6831.93673
6625.35663
6662.99595
6845.44399
6785.04909
6643.83789
6938.12689
6728.40548
6564.23855
6916.46729
6779.76336
6864.66194
6891.22235
6759.91581
6661.58688
6461.57914
6586.04505
6914.31471
6753.7477
6901.888
6939.42754
6582.03157
6550.42482
6658.59718
6646.99192
6774.33438
6775.99696
6992.43546
6764.75888
6539.95963
7039.70561
7086.16587
7000.8588
7037.29286
6988.33581
6834.33315
6630.60756
6693.7514
6954.33137
7048.11425
7120.23834
7251.97962
6876.07917
6626.53684
6746.72957
6898.16745
6653.85156
6955.54891
7051.2635
6838.59694
6777.90931
6958.91334
6956.91895
6992.75174
6818.30405
6782.75062
6780.03845
6721.75641
7233.19071
7265.41617
7415.94989
7401.68066
7258.64683
7032.78374
6990.04804
7357.15452
7327.24142
7295.16145
7449.13791
7443.51349
6920.15078
6840.32145
7271.12948
7321.51565
7271.93497
7187.72586
7228.98766
7067.56778
7019.23276
7247.90046
7305.79115
7309.63901
7349.04043
7385.33146
7120.49775
7090.45672
7191.91689
6988.97026
6556.0696
7044.58865
7080.68684
7039.84338
6821.55336
6780.91845